5

0 493 3.52 22
10 494 0 0
20 502 0 0  
30 534 0 0 
40 582 0 0 
50 644 0 0 
60 714 0 0
70 794 0 0
80 882 0 0 
90 973 0 0
98 1047 3.93 0.5 

0 488 2.41 21.3
10 491 0 0 
20 507 0 0 
30 543 0 0 
40 594 0 0 
50 656 0 0 
60 728 0 0 
70 817 0 0 
80 906 0 0 
90 996 0 0 
95 1041 2.82 0.5

0 486 2.23 22.1
10 493 0 0
20 522 0 0
30 564 0 0
40 623 0 0
50 693 0 0
60 769 0 0
70 857 0 0
80 948 0 0
90 1040 0 0
91 1041 2.61 0.5

0 493 1.83 22
10 497 0 0
20 515 0 0
30 549 0 0
40 599 0 0
50 661 0 0
60 734 0 0
70 820 0 0
80 910 0 0
90 1000 0 0
95 1045 2.23 0.2

0 498 1.70 21.8
10 501 0 0
20 514 0 0
30 550 0 0
40 596 0 0
50 650 0 0
60 721 0 0
70 805 0 0
80 889 0 0
90 979 0 0
97 1042 2.11 0.2 
